0
1
3
6
10
11
12
10
9
5
3
-2
-6
-10
-13
-15
-15
-15
-13
-10
-6
-2
2
6
10
11
12
10
9
5
3
-2
-6
-10
-13
-15
-15
-15
-13
-10
-6
-2
2
6
10
11
12
11
9
5
3
-2
-6
-10
-13
-15
-15
-15
-13
-10
-6
-2
2
6
10
11
12
11
9
5
3
-2
-6
-10
-13
-15
-15
-15
-13
-10
-6
-2
2
6
10
11
12
10
9
5
3
-2
-6
-10
-13
-15
-15
-15
-13
-10
-6
-2
2
6
10
11
12
10
9
5
3
-2
-6
-10
-13
-15
-15
-15
-13
-10
-6
-2
2
6
10
11
12
11
9
5
3
-2
-6
-10
-13
-15
-15
-15
-13
-10
-6
-2
2
6
10
11
12
10
9
5
3
-2
-6
-10
-13
-15
-15
-15
-13
-10
-6
-2
2
6
10
11
12
11
9
5
3
-2
-6
-10
-13
-15
-15
-15
-13
-10
-6
-2
2
6
10
11
12
10
9
5
3
-2
-6
-10
-13
-15
-15
-15
-13
-10
-6
