0
1
4
7
10
12
13
12
10
7
3
-2
-6
-10
-13
-15
-16
-15
-13
-9
-6
-1
3
7
10
12
13
12
10
7
3
-2
-6
-10
-13
-15
-16
-15
-13
-9
-6
-1
3
7
10
12
13
12
10
7
3
-2
-6
-10
-13
-15
-16
-15
-13
-9
-6
-1
3
7
10
12
13
12
10
7
3
-2
-6
-10
-13
-15
-16
-15
-13
-9
-6
-1
3
7
10
12
13
12
10
7
3
-2
-6
-10
-13
-15
-15
-15
-14
-10
-7
-2
3
7
10
12
13
12
10
7
3
-2
-6
-10
-13
-15
-16
-15
-13
-9
-6
-1
3
7
10
12
13
12
10
7
3
-2
-6
-10
-13
-15
-15
-15
-14
-10
-6
-2
3
7
10
12
13
12
10
7
3
-2
-6
-10
-13
-15
-16
-15
-13
-9
-6
-1
3
7
10
12
13
12
10
7
3
-2
-6
-10
-13
-15
-15
-15
-13
-9
-6
-1
3
7
10
12
13
12
10
7
3
-2
-6
-10
-13
-15
-15
-15
-13
-9
-6
